TOTlE: None
MAE_TOTLE: 0.00031176050487621355
RMSE_TOTLE: 0.000602299624371556
GFC_TOTLE: 0.9964000148863995

