None Light: 1
MAE: 0.0017666263824718763
RMSE: 0.002475050774710154
RRMES: 0.36133757742132894
GFC: 0.9781012898055015

None Light: 101
MAE: 0.000775204064629067
RMSE: 0.000996879778338468
RRMES: 0.1455364583893504
GFC: 0.9951940394788998

None Light: 401
MAE: 0.0009722444838746622
RMSE: 0.0013393808029805098
RRMES: 0.19553886309677368
GFC: 0.9908090679113031

None Light: 0
MAE: 0.00518848693411989
RMSE: 0.006514557451115694
RRMES: 0.9510731785427233
GFC: 0.9367290283740222

None Light: -100
MAE: 0.0009241995916429379
RMSE: 0.001221828682503258
RRMES: 0.17837719559968382
GFC: 0.9932987210212328

None Light: -400
MAE: 0.0008312751958321872
RMSE: 0.0010277904848582623
RRMES: 0.1500491738149774
GFC: 0.9935379986004929

TOTlE: None
MAE_TOTLE: 0.0009265913730849075
RMSE_TOTLE: 0.0012774334367096443
GFC_TOTLE: 0.9881687606466976

