Cluster1_3
MAE:  0.0009963358503185808
RMSE:  0.0019740477438349273
RRMES:  0.2886747393862141
GFC:  0.9909760815712145

Cluster1_93
MAE:  0.005287608716396569
RMSE:  0.011379741933768414
RRMES:  1.6641157982487318
GFC:  0.6475145425164499

Cluster2_3
MAE:  0.02084435884015892
RMSE:  0.06286222337587057
RRMES:  9.154078895167329
GFC:  0.2692757312756028


Cluster2_93
MAE:  0.0024310563560169234
RMSE:  0.007049151203624544
RRMES:  1.0265065853001938
GFC:  0.7888681433413
