

Cluster 1 Light: 1
MAE: 0.002446665667786264
RMSE: 0.004166426193874378
RRMES: 0.6092770549470332
GFC: 0.9391183987712141

Cluster 1 Light: 101
MAE: 0.0018980956753507983
RMSE: 0.003553771724464304
RRMES: 0.5196855697141717
GFC: 0.9431068437992033

Cluster 1 Light: 401
MAE: 0.0007269325982836998
RMSE: 0.0009317910469343486
RRMES: 0.13626040123712094
GFC: 0.995522111674838

Cluster 2 Light: 0
MAE: 0.08633729496307677
RMSE: 0.2561207664599379
RRMES: 37.296639809353955
GFC: 0.11687309009451727

Cluster 2 Light: -100
MAE: 0.01391757631801267
RMSE: 0.04115745617061154
RRMES: 5.993402407315864
GFC: 0.43560856475718357

Cluster 2 Light: -400
MAE: 0.008311587463600478
RMSE: 0.02405540438305702
RRMES: 3.5029793372243887
GFC: 0.26257902982232545

TOTlE: None
MAE_TOTLE: 0.008633757974980923
RMSE_TOTLE: 0.024353713680080692
GFC_TOTLE: 0.6863335850195527

