TOTlE: None
MAE_TOTLE: 0.0008688983778609212
RMSE_TOTLE: 0.0014596453479496846
GFC_TOTLE: 0.9857657113748939

