TOTlE: None
MAE_TOTLE: 0.0009265913730849061
RMSE_TOTLE: 0.001277433436709643
GFC_TOTLE: 0.9881687606466976

