Light: None4
MAE: 0.0009963358503185817
RMSE: 0.00197404774383493
RRMES: 0.28867473938621424
GFC: 0.9909760815712141

